42
MN908947 0
NC_045512 0 0
MN985325 24 24 0
MN975262 17 17 13 0
MN938384 68 68 46 55 0
MN988713 29 29 9 20 53 0
MN997409 25 25 3 12 45 10 0
MN988668 22 22 4 15 46 9 5 0
MN994467 28 28 6 17 50 10 7 8 0
MN988669 22 22 4 15 46 9 5 0 8 0
MN994468 22 22 6 15 50 11 7 4 10 4 0
MN996529 53 53 35 46 31 40 36 31 39 31 35 0
MN996527 80 80 62 73 18 67 63 58 66 58 62 31 0
MN996530 49 49 31 42 23 36 32 27 35 27 31 8 31 0
MN996531 48 48 30 41 24 35 31 26 34 26 30 11 36 5 0
MN996528 12 12 12 5 56 17 13 10 16 10 10 41 68 37 36 0
MT007544 13 13 37 30 81 42 38 35 41 35 33 66 93 62 61 25 0
MT019529 7 7 23 16 67 28 24 21 27 21 21 52 79 48 47 11 20 0
MT019531 5 5 21 14 65 26 22 19 25 19 19 50 77 46 45 9 18 4 0
MT019533 21 21 5 14 49 10 6 3 9 3 3 34 61 30 29 9 34 20 18 0
MT019530 24 24 16 13 60 21 17 14 20 14 14 45 72 41 40 8 33 19 17 13 0
MT020880 24 24 0 13 46 9 3 4 6 4 6 35 62 31 30 12 37 23 21 5 16 0
MT020881 24 24 0 13 46 9 3 4 6 4 6 35 62 31 30 12 37 23 21 5 16 0 0
MT019532 13 13 11 6 55 16 12 9 15 9 9 40 67 36 35 1 26 12 10 8 7 11 11 0
MT027062 24 24 6 17 50 10 7 4 10 4 6 35 62 31 30 12 37 23 21 5 16 6 6 11 0
MT027063 24 24 6 17 50 10 7 4 10 4 6 35 62 31 30 12 37 23 21 5 16 6 6 11 0 0
MT027064 23 23 5 16 49 10 6 3 9 3 5 34 61 30 29 11 36 22 20 4 15 5 5 10 5 5 0
MT039873 70 70 52 63 66 57 53 48 56 48 52 39 54 43 46 58 83 69 67 51 62 52 52 57 52 52 51 0
MT039890 9 9 33 26 77 38 34 31 37 31 29 62 89 58 57 21 20 16 14 30 29 33 33 22 33 33 32 79 0
MT039887 25 25 7 18 51 12 8 5 11 5 7 36 63 32 31 13 38 24 22 6 17 7 7 12 7 7 6 53 34 0
MT039888 26 26 8 19 52 11 9 6 10 6 8 37 64 33 32 14 39 25 23 7 18 8 8 13 6 6 7 54 35 9 0
MT049951 5 5 25 18 69 32 25 27 29 27 27 58 85 54 53 17 18 12 10 26 25 25 25 18 29 29 28 75 14 30 31 0
MT044258 45 45 27 38 71 32 28 25 31 25 27 56 83 52 51 33 58 44 42 26 37 27 27 32 27 27 26 73 54 28 29 50 0
MT044257 28 28 6 17 50 8 7 8 4 8 10 39 66 35 34 16 41 27 25 9 20 6 6 15 10 10 9 56 37 11 10 29 31 0
MT066175 35 35 13 24 33 20 14 15 17 15 17 22 49 18 17 23 48 34 32 16 27 13 13 22 17 17 16 39 44 18 19 36 38 17 0
MT066176 35 35 17 28 37 22 18 15 21 15 17 22 49 18 17 23 48 34 32 16 27 17 17 22 17 17 16 39 44 18 19 40 38 21 4 0
MT072688 93 93 75 86 65 79 76 71 77 71 75 44 53 44 49 81 106 92 90 74 85 75 75 80 75 75 74 23 102 76 75 98 96 77 62 62 0
MT093631 69 69 51 62 77 56 52 49 55 49 51 62 89 58 57 57 82 68 66 50 61 51 51 56 51 51 50 79 78 52 53 74 72 55 44 44 102 0
MT093571 24 24 14 17 58 19 15 12 18 12 10 43 70 39 38 12 35 23 21 11 16 14 14 11 14 14 13 60 31 15 16 29 35 18 25 25 83 59 0
MT106054 28 28 6 15 48 13 5 8 10 8 10 39 66 35 34 16 41 27 25 9 20 6 6 15 10 10 9 56 37 11 12 29 31 10 17 21 79 55 18 0
MT106052 25 25 3 14 47 10 4 5 7 5 7 36 63 32 31 13 38 24 22 6 17 3 3 12 7 7 6 53 34 8 9 26 28 7 14 18 76 52 15 7 0
MT106053 22 22 4 15 48 9 5 2 8 2 4 33 58 29 28 10 35 21 19 3 14 4 4 9 4 4 3 60 31 5 6 27 25 8 15 15 73 49 12 8 5 0
